{
	"name" : "Scene", 
	"matrix" : [[ 1.000000,  0.000000,  0.000000,  0.000000],		[ 0.000000,  1.000000,  0.000000,  0.000000],		[ 0.000000,  0.000000,  1.000000,  0.000000],		[ 0.000000,  0.000000,  0.000000,  1.000000]], 
	"children" : [
		{
			"name" : "Armature", 
			"matrix" : [[ 1.000000,  0.000000,  0.000000,  0.000000],		[ 0.000000,  0.000000, -1.000000,  0.000000],		[ 0.000000,  1.000000,  0.000000,  0.000000],		[ 0.000000,  0.000000,  0.000000,  1.000000]], 
			"children" : [{
					"name" : "hipbone", 
					"matrix" : [[-1.000000,  0.000000,  0.000000,  0.000000],		[-0.000000,  0.167979, -0.985791,  0.000000],		[-0.000000, -0.985791, -0.167979,  0.000000],		[ 0.000000, -0.170301,  4.604365,  1.000000]], 
					"offset" : [[-1.000000,  0.000000, -0.000000,  0.000000],		[ 0.000000,  0.167979, -0.985791,  0.000000],		[ 0.000000, -0.985791, -0.167979,  0.000000],		[ 0.000000,  4.567547,  0.605554,  1.000000]], 
					"id" : 8, 
					"children" : [
						{
							"name" : "lowerspine", 
							"matrix" : [[-1.000000,  0.000000, -0.000000,  0.000000],		[ 0.000000, -0.986555, -0.163432,  0.000000],		[-0.000000, -0.163433,  0.986560,  0.000000],		[-0.000000,  0.000000,  0.000000,  1.000000]], 
							"offset" : [[ 1.000000,  0.000000,  0.000000,  0.000000],		[ 0.000000, -0.004610, -0.999984,  0.000000],		[ 0.000000,  0.999989, -0.004611,  0.000000],		[ 0.000000, -4.605101, -0.149069,  1.000000]], 
							"id" : 6, 
							"children" : [{
									"name" : "upperspine", 
									"matrix" : [[ 1.000000, -0.000000,  0.000000,  0.000000],		[ 0.000000,  0.980379, -0.197123,  0.000000],		[-0.000000,  0.197123,  0.980379,  0.000000],		[ 0.000000,  0.627396,  0.000000,  1.000000]], 
									"offset" : [[ 1.000000,  0.000000,  0.000000,  0.000000],		[ 0.000000,  0.192601, -0.981272,  0.000000],		[ 0.000000,  0.981277,  0.192601,  0.000000],		[ 0.000000, -5.100444, -1.177592,  1.000000]], 
									"id" : 15, 
									"children" : [
										{
											"name" : "shoulder_L", 
											"matrix" : [[ 0.062340, -0.266730,  0.961753,  0.000000],		[ 0.997549, -0.014021, -0.068549,  0.000000],		[ 0.031769,  0.963669,  0.265203,  0.000000],		[ 0.000000,  0.639360, -0.000000,  1.000000]], 
											"children" : [{
													"name" : "upperarm_L", 
													"matrix" : [[ 0.749317, -0.481647, -0.454468,  0.000000],		[ 0.097525,  0.759067, -0.643666,  0.000000],		[ 0.654991,  0.437988,  0.615754,  0.000000],		[ 0.000000,  0.775231,  0.000000,  1.000000]], 
													"offset" : [[-0.448192,  0.742838,  0.497309,  0.000000],		[-0.742835, -0.000001, -0.669467,  0.000000],		[-0.497308, -0.669471,  0.551808,  0.000000],		[ 3.250007,  3.334074, -3.606175,  1.000000]], 
													"id" : 4, 
													"children" : [{
															"name" : "lowerarm_L", 
															"matrix" : [[ 0.153509, -0.031436,  0.987647,  0.000000],		[-0.033317,  0.998761,  0.036969,  0.000000],		[-0.987585, -0.038581,  0.152271,  0.000000],		[-0.000000,  1.139527,  0.000000,  1.000000]], 
															"offset" : [[ 0.399012,  0.775235,  0.489694,  0.000000],		[-0.775229, -0.000001,  0.631672,  0.000000],		[ 0.489697, -0.631673,  0.600988,  0.000000],		[-3.131712,  1.950232, -3.843446,  1.000000]], 
															"id" : 2, 
															"children" : [{
																	"name" : "hand_L", 
																	"matrix" : [[ 0.188593, -0.008786, -0.982016,  0.000000],		[-0.008642,  0.999906, -0.010606,  0.000000],		[ 0.982017,  0.010487,  0.188500,  0.000000],		[ 0.000000,  1.091906,  0.000000,  1.000000]], 
																	"offset" : [[-0.412448,  0.766520,  0.492273,  0.000000],		[-0.766515, -0.000001, -0.642218,  0.000000],		[-0.492276, -0.642220,  0.587552,  0.000000],		[ 3.176165,  0.926074, -3.790883,  1.000000]], 
																	"id" : 0
																}]
														}]
												}]
										}, 
										{
											"name" : "shoulder_R", 
											"matrix" : [[ 0.062340,  0.266730, -0.961753,  0.000000],		[-0.997549, -0.014021, -0.068549,  0.000000],		[-0.031769,  0.963669,  0.265203,  0.000000],		[ 0.000000,  0.639360, -0.000000,  1.000000]], 
											"children" : [{
													"name" : "upperarm_R", 
													"matrix" : [[ 0.749317,  0.481647,  0.454468,  0.000000],		[-0.097525,  0.759067, -0.643666,  0.000000],		[-0.654991,  0.437988,  0.615754,  0.000000],		[ 0.000000,  0.775231,  0.000000,  1.000000]], 
													"offset" : [[-0.448191, -0.742839, -0.497308,  0.000000],		[ 0.742835, -0.000001, -0.669467,  0.000000],		[ 0.497309, -0.669472,  0.551809,  0.000000],		[-3.250010,  3.334077, -3.606178,  1.000000]], 
													"id" : 5, 
													"children" : [{
															"name" : "lowerarm_R", 
															"matrix" : [[ 0.153509,  0.031436, -0.987647,  0.000000],		[ 0.033317,  0.998762,  0.036968,  0.000000],		[ 0.987585, -0.038581,  0.152272,  0.000000],		[-0.000001,  1.139528, -0.000001,  1.000000]], 
															"offset" : [[ 0.399012, -0.775235, -0.489694,  0.000000],		[ 0.775229, -0.000001,  0.631672,  0.000000],		[-0.489697, -0.631673,  0.600988,  0.000000],		[ 3.131712,  1.950232, -3.843446,  1.000000]], 
															"id" : 3, 
															"children" : [{
																	"name" : "hand_R", 
																	"matrix" : [[ 0.188593,  0.008786,  0.982016,  0.000000],		[ 0.008642,  0.999906, -0.010606,  0.000000],		[-0.982017,  0.010487,  0.188500,  0.000000],		[-0.000000,  1.091906,  0.000000,  1.000000]], 
																	"offset" : [[-0.412448, -0.766520, -0.492273,  0.000000],		[ 0.766515, -0.000001, -0.642218,  0.000000],		[ 0.492276, -0.642220,  0.587552,  0.000000],		[-3.176164,  0.926074, -3.790882,  1.000000]], 
																	"id" : 1
																}]
														}]
												}]
										}, 
										{
											"name" : "neck", 
											"matrix" : [[-1.000000,  0.000000, -0.000000,  0.000000],		[ 0.000000,  0.993958,  0.109760,  0.000000],		[ 0.000000,  0.109760, -0.993958,  0.000000],		[ 0.000000,  0.639360, -0.000000,  1.000000]], 
											"children" : [{
													"name" : "head", 
													"matrix" : [[ 1.000000, -0.000000, -0.000000,  0.000000],		[-0.000000,  0.996488, -0.083732,  0.000000],		[ 0.000000,  0.083732,  0.996489,  0.000000],		[-0.000000,  0.597773,  0.000000,  1.000000]], 
													"offset" : [[-1.000000,  0.000000,  0.000000,  0.000000],		[ 0.000000,  0.000001,  0.999995,  0.000000],		[ 0.000000,  1.000000,  0.000000,  0.000000],		[ 0.000000, -6.454817, -0.000001,  1.000000]], 
													"id" : 7
												}]
										}
									]
								}]
						}, 
						{
							"name" : "upperleg_L", 
							"matrix" : [[ 0.999780, -0.020670, -0.003593,  0.000000],		[ 0.020966,  0.990624,  0.134998,  0.000000],		[ 0.000769, -0.135043,  0.990839,  0.000000],		[-0.451897,  0.608518, -0.002827,  1.000000]], 
							"offset" : [[-0.999780, -0.020966, -0.000769,  0.000000],		[ 0.000070,  0.033324, -0.999445,  0.000000],		[ 0.020980, -0.999225, -0.033315,  0.000000],		[ 0.367778,  4.013514,  0.068514,  1.000000]], 
							"id" : 9, 
							"children" : [{
									"name" : "lowerleg_L", 
									"matrix" : [[ 0.999883,  0.006783, -0.013713,  0.000000],		[-0.007516,  0.998509, -0.054074,  0.000000],		[ 0.013325,  0.054171,  0.998443,  0.000000],		[-0.000000,  1.959447, -0.000000,  1.000000]], 
									"offset" : [[-0.999795, -0.013379, -0.015226,  0.000000],		[ 0.014001,  0.087319, -0.996082,  0.000000],		[ 0.014656, -0.996091, -0.087113,  0.000000],		[ 0.380729,  2.044535,  0.184579,  1.000000]], 
									"id" : 11, 
									"children" : [{
											"name" : "foot_L", 
											"matrix" : [[ 0.999794,  0.013379,  0.015226,  0.000000],		[-0.018302,  0.273071,  0.961820,  0.000000],		[ 0.008710, -0.961901,  0.273259,  0.000000],		[ 0.000000,  1.612058, -0.000000,  1.000000]], 
											"offset" : [[-1.000000,  0.000000,  0.000000,  0.000000],		[ 0.000000, -0.934464, -0.356059,  0.000000],		[ 0.000000, -0.356059,  0.934464,  0.000000],		[ 0.389247,  0.288661, -0.362247,  1.000000]], 
											"id" : 13
										}]
								}]
						}, 
						{
							"name" : "upperleg_R", 
							"matrix" : [[ 0.999780,  0.020670,  0.003593,  0.000000],		[-0.020966,  0.990624,  0.134998,  0.000000],		[-0.000769, -0.135043,  0.990839,  0.000000],		[ 0.451897,  0.608518, -0.002826,  1.000000]], 
							"offset" : [[-0.999780,  0.020966,  0.000769,  0.000000],		[-0.000070,  0.033324, -0.999445,  0.000000],		[-0.020980, -0.999225, -0.033315,  0.000000],		[-0.367778,  4.013514,  0.068514,  1.000000]], 
							"id" : 10, 
							"children" : [{
									"name" : "lowerleg_R", 
									"matrix" : [[ 0.999883, -0.006783,  0.013713,  0.000000],		[ 0.007516,  0.998509, -0.054074,  0.000000],		[-0.013325,  0.054171,  0.998443,  0.000000],		[ 0.000000,  1.959447,  0.000000,  1.000000]], 
									"offset" : [[-0.999795,  0.013379,  0.015226,  0.000000],		[-0.014001,  0.087319, -0.996082,  0.000000],		[-0.014656, -0.996091, -0.087113,  0.000000],		[-0.380729,  2.044535,  0.184579,  1.000000]], 
									"id" : 12, 
									"children" : [{
											"name" : "foot_R", 
											"matrix" : [[ 0.999794, -0.013379, -0.015226,  0.000000],		[ 0.018302,  0.273071,  0.961820,  0.000000],		[-0.008710, -0.961901,  0.273259,  0.000000],		[ 0.000000,  1.612058, -0.000000,  1.000000]], 
											"offset" : [[-1.000000,  0.000000, -0.000000,  0.000000],		[ 0.000000, -0.934464, -0.356059,  0.000000],		[-0.000000, -0.356059,  0.934464,  0.000000],		[-0.389247,  0.288661, -0.362247,  1.000000]], 
											"id" : 14
										}]
								}]
						}
					]
				}]
		}, 
		{
			"name" : "Cube", 
			"matrix" : [[ 1.000000,  0.000000,  0.000000,  0.000000],		[ 0.000000,  0.000000, -1.000000,  0.000000],		[ 0.000000,  1.000000,  0.000000,  0.000000],		[ 0.000000,  0.000000,  0.000000,  1.000000]]
		}
	]
}